Prior[1]=0.38888888888888895
Prior[0]=0.6111111111111113
